2.7239232412069976
2.550388173071955
6.058778546271402
0.9045369735431823
4.122986735909954
-2.170817629153211
-1.0832914650027057
3.466177385839145
6.379689513129013
5.411469355655578
6.919223271044889
4.679828063032189
9.599527697482133
3.5249838204387682
7.391131246972962
1.3427395483530336
6.433849762579592
3.0417091203669897
3.42456104244126
6.014913094427374
9.62509207795273
4.116454227869483
8.540348531392954
7.793392935056886
7.244504469974054
7.340954569919081
0.9153275316027774
5.221661983204513
4.209742160793489
3.3447927403332924
1.9878088148062876
8.548493422845052
2.0043918652132877
1.8439683438835406
4.521275412964787
9.547678879470093
5.275813137221166
2.6849729849319663
5.31766286130195
4.66414937384147
6.30537940228674
4.870609839726144
7.030934076196182
4.990369208736786
7.320475878724978
-0.7657501369285882
8.036724922263684
2.268956354704478
6.206879332677687
4.700720460297916
6.108800929041223
4.061853406129378
4.664033146114329
3.030965744715688
1.2643201389907048
7.013410035590061
0.7886779933058357
1.5599711014041997
4.070362221410593
-2.2362009180528934
7.1298661961774545
5.577684324055409
3.937457458834186
5.215898613450188
7.287148205294152
6.036741557291556
7.0790342006450935
4.471834841480016
2.2809814425996064
9.26740322956625
6.298261795627989
6.7912650749007675
8.592030420563031
6.0392830393399235
4.798852987815996
3.4939333383900917
3.4448696867011455
-1.5983255048844214
8.599407482945923
3.583538445293657
-0.31810774964262567
2.783056855395056
4.887582433765962
-0.9423167002141559
9.31026950153421
7.461313077075563
5.6029869144454425
2.7168869849942334
5.760496715943446
3.8188929558633173
4.548323183907013
10.045693597817422
3.9302550491035912
5.578374017324645
6.217790653679446
3.898388946607559
1.2298367427161203
6.614644449972807
6.946547090335989
1.2367703954460492
-3.3397779695548895
7.310362547766986
5.473122966964008
5.390916789434087
3.0301983923349542
5.916811122362386
5.987187759435048
6.364476390980078
7.272499423451563
6.246166700017713
1.3289975132888046
0.5078297227580677
7.5382538406526525
8.020966788903584
2.941489778126119
4.863762083071084
7.4497715821096655
4.52014849516776
8.794777067656462
7.136539836221252
5.29955229511277
8.711532467023854
6.385657385712215
1.3900821304277753
4.125943405767198
7.794359849301768
6.305188660687784
7.158131940055906
7.420952949442654
4.177988275247999
1.3938868317626252e-2
1.6800696417715324
3.6990332075583554
2.6780144886050525
6.912958883815807
8.590878178823289
6.7474568385845695
3.9474869374665307
2.3364877640336177
8.534591710340075
5.092338505915925
0.3122154487731681
-0.3327310836902706
9.871088063111136
1.624668375622416
4.62008682083662
0.7247657622661361
-0.4101285478784691
8.876127478279727e-2
4.924068204156022
3.3772432001650188
6.3946074148238585
8.717200019316337
4.699713660824579
-2.611766381908926
2.8408486046568537
7.365463464161849
7.796413836008011
5.522586617510467
2.973566523105248
2.510975600953817
7.236570694030809
3.4873365734050665
9.841672085711371
5.5282070290640135
5.669844488386009
2.1760704827093944
1.0224257086067308
8.293435687781159
8.642113166831274
4.254953755481575
3.747962812330283
7.526161866251581
7.750655475072586
6.73999856591633
7.245899516882771
9.111815973627719
9.18592638199784
-1.1520627215578632
10.168986116022566
2.4380855960159105
-0.21621951133040973
9.046897548436807
6.040283473672938
4.560522090025438
2.903226769481341
5.556840725113252
6.301036342208097
4.615143854624937
3.15856973407484
1.2456978024416272
6.576188122098943
4.876321042967356
3.9078561457987657
4.966721865039088
2.3546658059110963
5.286662857563439
6.139452939721724
6.976342234564124
7.258749873699538
8.973690665294477
15.589572123626944
6.460277249110263
2.7565370537996174
1.360871233526601
8.33289197782003
-1.4688278609998662e-2
6.5875262562090615
9.332154488740409
1.63960915405172
5.842524036046235
5.378682191125608
-0.22581463173372907
6.3271641640199725
5.471105418727626
6.798101350364432
4.535272487934072
6.814154943753647
5.380669644477257
3.5709993088374237
-8.8186537881775e-2
6.145858989937748
3.512674512860336
6.517666585152675
3.0126612851362378
0.8041913518392221
11.28997877954609
1.3170856649065397
1.7828609087505782
1.423282437072972
4.826445972588974
5.013455613861518
6.221890812336267
9.001837098448515
3.6420192053890306
7.548304353481706
5.162019939433976
5.905937050014932
1.7772993229842364
2.647772444172279
13.307088880415424
6.184241009475093
5.142061257253101
6.434306521751436
5.469849622370479
3.0617786564339675
11.05176687913861
5.824676596956039
4.339148482367718
9.970034284339942
5.957182907448158
9.903402213955701
7.914320995538938
2.834428103826581
0.3532597482645867
8.566802598466719
3.09817249241925
6.934835510439656
6.286691541603299
10.770536133201098
1.006178975972709
5.132817536452432
2.4692211979228498
3.155276497743304
5.419449300213566
9.485051506768952
2.024680540113438
2.143868953280929
5.624696807028447
7.417123284193282
7.124219209628045
4.774946794018254
-0.49487993618990345
4.039990528871615
7.387069179104248
11.628560756760278
3.454362828039339
4.840984207008871
5.455545422259066
5.73841670786318
2.586745880453086
5.288858027287704
1.1153067829502508
12.078365095131119
8.672368006375592
3.3528063451625014
0.14830949272645721
3.7424704738927645
6.047919414912563
7.322179901681901
7.056215919407251
3.1828183238228203
5.787189912371616
3.447773279716338
4.911597691497768
2.6566108070701486
4.928923696946385
7.830876359950468
6.407745582331939
3.8808266196908017
6.024563057827994
5.38245586400533
3.4976698328295037
0.5488327475324954
10.634380446145709
6.753383473270537
2.8745428162761395
4.483636659452774
1.7768267091051575
3.8724374976750147
1.3815584933900191
6.084576435629744
11.41314356941231
8.73288221310103
5.620345359027535
8.217368505803297
2.127295188752817
5.195583197053564
5.833064745852479
1.6267829289022746
6.266750512339134
9.044449970335188
7.731394036098843
3.444227399757594
2.4561672913747796
3.6225495431354737
4.658056974607147
11.683529336857854
8.567559578078292
7.071723612321774
6.866337139295083
3.5984417429552833
10.113623211876163
9.589653885944628
3.7675611267313016
3.943362909094276
8.082407599904595
6.164308136705811
3.430314370456114
0.5687944937207812
0.9405790019224991
1.6372223065651008
1.9166834345701846
1.3594384911303488
4.872797325793057
7.793832169149746
2.671946820216219
3.309700280338498
10.867817815947529
6.447054999690498
0.35220905428109006
9.55240731386689
0.2162625308299031
8.043803671620601
-1.553387226520984
6.990978540437345
5.256106400024584
1.809732530125613
6.7179680085687785
2.0812397902588353
-0.54295691441739
6.980073636831019
2.2116756749268207
-1.840627805409584
4.798803391498498
6.805827583450808
-6.0905758601070836e-2
7.774181143082458
3.082568748397088
6.5629348130265726
8.88216275545619
8.484055883462695
3.585548922987696
-1.1394328814679184
1.9054139828672985
5.968368017500707
4.7370253760916095
1.4872774464456051
2.322056971311908
1.8728326185815871
3.4441269422347043
5.271598889831204
6.324705749604837
5.532475054473984
4.052568496639396
6.071199010677942
8.264867220933056
8.08782068396675
7.3905866528722335
4.09213566826695
0.9638629376334045
3.3456107458690663
-1.070920485392799
4.678284948402532
6.018316059381192
7.764372741569347
7.313754978972004
6.919811026856635
9.025443179719444
5.703168759114163e-2
-0.29554845722003886
4.599711989501328
2.655741716683438
9.223990815655299
5.812733208577598
5.4585633066647485
6.260581411005757
4.5036771870609185
2.9140578136852673
5.039286581826287
7.027381022964949
9.118574271056037
8.402330727905417
7.7468026037344195
6.269477027475739
5.702118774856006
8.75007831741906
2.0820206036734077
5.432420792377676
3.175383772883073
9.48026516539968
2.202825068923323
10.44941932344101
3.178279172257951
3.3207574176549493
3.6441047089723817
3.3663863397421228
3.3816501921057505
5.190160886160678
3.061577889048394
2.6789104169220725
-4.050569747526794
1.4065654461616175
3.2927772227499794
10.114959931547604
4.893121933300028
6.230961292413613
8.0154257324268
8.117594378112614
3.9433071794266974
4.508190455135064
6.616336931539566
6.992553380427962
6.023479935209157
7.531477841611129
-1.9895769487824175
3.9186678799862857
4.129931943518766
1.942671850245746
4.564448867440284
6.545031907333506
-0.49988259982915473
6.500132181644453
7.012337636252704
1.6448017535047899
6.024831187187971
4.816473270393325
2.86912010874636
-0.2457437501649924
3.278473153800978
7.520371903028931
5.967530704051068
7.437200825921927
8.063937644399132
3.833771908909721
3.288337125144479
5.900942247651039
7.748598709233987
5.095261011123534
7.431701821440223
2.195468791037715
4.995402549271949
4.862075155062928
0.731143948870697
9.242236137777795
0.8498804093363725
4.18184817077811
1.8436267610769805
12.504794196728064
6.190317248723324
11.339471060967643
-1.4571972286568649
6.6608812018554495
3.0243745931955104
10.573005104310269
8.931063947840016
4.386565578046291
3.2500199225244204
5.589073289426949
5.216162199329378
7.221794845642418
1.6993278319505487
5.011751775191648
5.165304364618286
4.07175692129001
4.98575303481668
6.713054033458274
5.608908007407508
4.57505165882756
10.791710640997481
3.537347799370059
7.648791984658748
6.260533695407048
14.462913094795628
1.085514453725843
9.017519550325321
5.193500736379351
6.745780135952922
7.806687980581694
5.426754026196129
4.2297404779751435
6.305456741302523
2.7597554177162595
5.556359287494718
6.368122309037362
2.765909717080997
4.771243259290186
7.679995332125024
5.174616667108765
1.52876554246982
8.175579044679196
2.150200799609691
10.085155585881424
5.867501092813246
5.332494796727249
6.976362757622471
3.626268874108571
10.61786217976669
2.729120394682624
3.2136230774123193
3.3792226295727534
5.2749809997994985
6.7738533713293645
5.904530439274866
10.131565590968433
-0.2052400615746688
2.5550938398103122
6.574612427262942
9.396461065552359
-1.739043748301464
6.60707509833029
2.7310942435846584
3.796567249563738
7.363215910006296
-1.3353102426414747
9.273216394914492
-0.454203596100891
1.3357772184717693
1.9602455421255511
1.7062475563241168
8.672597831200918
7.584315073325175
4.666971555834394
3.8930954211485203
3.96966515950469
5.334127000254554
8.3233340455667
2.1739489899997175
4.715785175565574
4.79602608648869
4.4759719133594285
8.583429490427145
6.179293918818992
7.3861679645947
5.617182027547544
11.747050971376439
5.114491520084157
0.5193363490650906
1.3390576894096395
0.47181743583302715
1.8715038260492642
7.885631804651846
6.015083671890378
4.295894371174832
3.5470512886881003
3.6011552057127476
7.8025377896260295
4.709522734315524
9.219983214478678
4.974503325555151
1.0982908669018698
10.9865796472392
6.631223098448855
6.010886568309225
10.829481692820877
1.7109339120081852
6.761683804065534
5.6645987095265395
7.431152627953682
1.2286347086145115
3.0115304053092493
3.0580033392258157
0.15079788614510825
-0.4058544997687097
3.0847213741769806
3.1941254152799416
4.26827896377545
4.678254223992881
5.6170985796653286
1.1663622467423975
4.868042181771018
4.488182315882345
6.180101496049852
5.997429014860813
3.2926904343432026
4.9376522591725225
7.9043338213920435
6.262999235480855
8.454279995924585
6.786892257281254
1.0904170976335923
8.3261478130003
10.229693995629066
1.5207263178578851
-1.5165951659297647
2.440716206850309
1.3974240317798161
3.9076141070390396
10.565259806262597
0.8091296569168716
7.198980313852063
3.3285111910305347
3.653944118857421
0.1341120764541195
5.461073218394108
7.4408642860131335
3.8102353139817575
7.658245712015384
4.506500853034844
1.9974405514720202
4.74110708744926
10.499684497910891
-5.868657040949561
1.999687771992968
5.591163347375916
8.374914222463927
8.652571959671366
1.6126507145928706
10.219241324752455
4.118075327842513
9.227950909247557
0.40708683867972084
2.6493460321994626
0.5619291372842508
5.334633606649511
4.8283111421069
10.856135876465885
6.0437634593534195
7.276042754872046
0.30136025166537816
6.263104238365488
5.146451937990741
7.595165736616282
7.878439064273831
5.0852366660690835
8.048369304596068
5.094667719859334
4.753337033330066
12.22578883454559
-2.74919815979204
8.614752489218326
8.163476508352003
4.398112001726487
1.8053982052027027
7.843887171461424
4.471907226843905
4.127480237100803
5.0460878494196875
4.48811553348148
-2.3375263768354557
5.729299317588105
2.639312229142823
7.860828583987084
1.8625435081397401
12.338986009133158
3.044426217947445
9.607135930059261
-2.682021581680072e-2
4.298056475825782
4.991678563044694
5.219396040984962
7.89202535842625
-0.9146002951173431
5.444857052955021
3.4022495075635564
7.055705237455759
3.178498177198794
-0.35518977320110423
6.190717543658984
3.6204599881695523
0.29813435369860564
4.998900909077626
4.9246916121958995
-3.275251285723707
6.846390124495866
6.841638025648297
4.462052745209382
8.675121851232333
6.805738932930447
2.9400338617401
4.4605453964446795
4.530569414579796
7.119472599386646
3.66217317717422
5.141988172783476
8.246279386355482
4.175727082384581
3.1481918186910196
5.845546890232673
4.181437978063821
9.83517791565678
2.536601960455351
4.1827208206889965
3.2096612779485483
-2.1677528316431722
0.7423631362418561
8.514003641500995
7.508964064969547
9.028401818685566
3.4810554512933805
5.165085373380823
0.8648062603763496
5.600003843433654
5.709581453228664
3.429055775274943
4.522101609771001
4.802332868768424
-8.175004266176344e-3
8.385931900224215
6.785847275389624
3.4953083089086454
5.554331125951611
2.6980739630456094
8.049217384089923
7.990749402660323
2.3341763796707378
-0.18681978879584538
9.075148351463568
6.293214517875713
4.034424703071879
6.135011631322603
0.5656204000889034
8.924646161942086
6.60150611021405
9.275439556529484
2.721683445627031
6.875206574063716
2.384924334492776
8.207730973297046
8.73602751635492
5.32220816479249
5.154427339690615
3.6599798992271344
5.586513160876515
6.211465718932697
4.965347452149055
3.4754332735093048
1.7180835914296213
2.8883996084109453
4.842236664347219
3.364980100182238
3.2573871732756197
4.700077757312696
9.75189580573973
5.985797589805269
1.0265910177349804
6.00793918559264
5.284631498923209
8.084203457901449
-1.7490532127960474
3.833021034891779
1.3086400201249173
2.5315006580557835
-0.2329611929239146
1.3342790621421061
3.744190744357094
5.958040825007133
4.337107718064191
9.88681856677727
7.322278295867924
7.507213093437022
4.493888001166896
7.833003741823882
4.764542891340376
7.630302996024001
8.71962359673518
5.388949193857946
2.8424707442979305
4.314646448543144
-7.118651234867812e-2
7.421993681324069
7.666932820293049
5.174967715957533
8.177381195197396
8.232509885144594
8.230189050538042
3.1779113040847973
4.097231482472917
5.339243146439569
7.893978311409594
6.1102748949229415
7.0183500721868555
7.061363610043399
3.857093765146093
3.9708546295446743
4.930346801455965
5.76201891473252
4.243608804555523
5.97471727021229
1.948837899851747
2.9987821912632446
5.987353240821801
5.702307136297923
5.522096080693217
6.145257300557228
8.348913766966351
6.0012549835891935
2.5888955392738535
2.2469809987730014
2.6665581207486073
5.10698037765145
4.93343465235767
9.816989377443257
3.2231575461498734
1.0211127373668298
10.606496933504165
3.3745961186485065
4.484996879640024
3.5971732326831534
6.306962746512198
8.78619976165754
4.867291311413144
7.310214997279338
2.3918837735004197
4.553930289583432
-3.026366542156051
5.026161155040223
2.4463600911185117
4.3223369208855935
4.612276154898293
3.690347534229701
5.760054348540853
7.972464230895386
2.285137607653182
4.247573953256239
3.197746702338553
4.705201125075296
3.3674699039257163
8.537596241525481
10.408508311426468
3.2664774183958385
7.411973056822334
2.8907944211894985
7.218146785871152
8.958533497776035
1.716548402177179
6.9109290345772
0.1535730853204047
-1.824450836266311
10.289310627569693
2.099177611873827
5.04929620822564
7.80934636925004
4.821091112839281
5.110633401972565
4.824900450737908
4.404396433139932
4.648224962428302
10.298267491767854
2.502020457728299
5.63074514316714
0.2932958706939779
7.169259510240167e-3
4.76927937835613
4.6103569159267375
1.6613690141604431
4.052795131779191
0.7590712855592354
4.94203788510721
-0.5660481833811826
1.5987521110358456
4.9255275771291736
6.2152379055686815
7.885521061627546
1.4241503076213395
9.493921424065583
-3.2684794017954495
5.141428466389356
0.6592331129156106
-3.1184845698550223
2.0185340254191333
0.8869039313711298
3.3732551247464992
6.779211770948379
-0.5355793272683051
8.50689853498362
2.1637894881292565
0.7320146313939393
5.511998700551702
2.8578565085690357
11.276877817834114
2.414926199465015
1.0845406371251842
6.0921859221882295
7.36667180990157
3.3806036711314285
3.991625858618441
0.5189006498336202
7.607891577614325
-0.11486104919598716
5.420038506604718
5.249565786557044
7.632867012170209
3.5959468228193767
5.388325329842479
6.69918874460577
2.6073932785028484
3.2865440334463005
7.685898688778722
3.9486143039615214
6.787413993456603
11.544356444492657
5.4378220130301385
5.473803394673451
5.169758445352183
6.098862534840368
6.370992738499657
4.674792500247696
4.43415218262132
7.20335142272349
3.8805872346672983
9.089885506581021
-0.8190884878064626
7.778292233546264
3.902920979116855
-0.8886231956185027
6.940119203325768
4.714692816122269
2.527817056963933
7.853598956197914
6.903720837106161
6.117059542593832
6.63982216107873
2.9221012762047933
7.322031120575685
5.622573026643965
2.8756305152163404
6.754847730911226
4.052594099429851
7.39872450472482
7.465294596869384
3.79698360653504
5.395177406425034
8.094290240683552
2.5335740590141445
2.8934579896960715
1.9440072857510495
6.663730754079449
4.854699118458765
6.063814123844875
2.4740590307546046
9.125926481742063
1.3911090888489035
2.41214749435971
8.11149980481677
5.356734641373316
3.4168277563930665
2.6103655342786256
1.158927107339922
0.5967189808591122
4.988761206094648
5.254380973051655
13.80850330913717
2.6298735237257285
1.2562351443582127
9.012424516752308
1.801493136480926
5.508248595345709
1.4640706801261656
4.865222237256452
6.1095189619251435
0.8818494650538335
-2.4137743680341597
4.946964069467654
12.520356489195668
8.839124177149582
3.8320410754278624
0.5991906039530566
6.0711433159992385
4.116770780568178
7.255335157382189
4.218160745109124
11.515855681671908
7.139863816278029
8.64669944284355
4.435516105634716
3.4574623646682157
4.963610108703325
-0.5639131212912529
4.979409145595568
