8.959142403219232
12.314228570489028
6.152985678570105
12.321502980134884
7.552107107982712
10.270713755832475
13.096340693117375
14.925677664934543
13.387534554093367
12.153721608212534
9.728970569215155
6.0872510395248245
8.517006653060163
12.970314099500802
13.101855937341654
6.737959192557073
13.358502516845956
8.0222411879025
14.824490696956127
14.59478919618825
9.783995452948282
11.988096690620214
13.29454410240412
14.675282342714278
10.738169573113627
10.361074456638441
12.498962589772997
14.330495443857393
13.49037952144416
13.759018118898801
8.893185029669946
8.028214386180066
6.115187238773953
14.77745955939346
8.537660388539031
7.209373064507941
7.126510685743328
8.108968210800894
7.277968652373204
9.217575961907368
14.194506718905162
6.5674671416867865
9.370834484923162
13.287163380602625
11.87728732657218
9.41293349282128
6.095666919726893
10.447310672869897
6.59475959061704
13.129173544876105
6.482734847010381
7.938874454677472
8.13229062857367
13.083867167965257
6.378932972029542
13.835266985681162
5.5136320814110515
9.328081474216294
12.09978112945286
12.064426261970695
7.454185452408614
14.151847514704484
10.945622995257377
11.570860845550095
7.445263005448465
12.086641645511634
11.204278830786011
7.587728191237351
9.930941787533609
10.536525467900308
14.798297116714737
11.445892530845
10.884156181613193
11.178785672107503
9.460675495760752
10.144809534905074
5.057707266920681
13.077753784689339
10.543390246601312
14.020673041139752
9.721968205713381
13.581858630352409
9.81758071894854
6.505043025769268
11.453918663136458
11.382082331960309
11.936308876608813
14.16586852818305
14.092255957433958
14.768815466783527
12.569541962912758
9.419804525912287
7.881531693972021
8.656634748026637
14.079895223270194
11.516236767195714
8.21463987756013
7.068925931911725
6.217388612752395
11.871436593786637
9.3387268614048
6.997243780141011
9.951335406123917
14.46141110374367
14.47360534214618
11.148980431824869
13.794928008068942
13.366282187621826
14.5671012077719
9.158551173118802
14.931199458781569
9.058030579728934
10.28550079703792
7.402272024811638
8.570936113378053
11.072938748158363
8.936891976692957
5.271919814321257
11.18638568788004
14.637647236177981
10.23062792325249
13.580518281877874
14.53081276474442
11.226465198365982
7.417399010419542
10.694892411425494
6.701522978612183
8.265309503916868
6.396511297804353
14.820566893113167
10.936788236311077
12.643086386691461
11.323839910958432
14.57991104074204
7.928072480085822
7.008453257775813
8.363822838541079
12.602769204415743
9.20581615703112
5.25777001784878
11.460890090780316
9.387662758614319
14.01124903848077
12.698798556564949
12.92350340928111
14.47161202232299
7.62693603770826
8.59640755913215
12.616935763990943
9.069640057974508
5.652994247664882
9.651138360865755
7.811045954121909
14.244322298518632
8.16325813283444
11.410986598113883
10.664074213772412
13.132258597022686
6.133947822598651
8.129884090190883
12.666930996629633
13.725149422223744
7.033020503762708
7.7164031444955885
14.459757900451606
10.216656814966013
10.921615510932117
13.859979300581779
7.6239470531580995
6.853923251932894
10.110798185268388
13.135634974708083
14.19444569674584
11.695645507479117
5.975011647906354
14.225622601150889
6.086258823197112
7.060335055831124
13.346958958480132
14.436491841055027
12.444185779978195
8.293966842466983
9.34292455321805
10.750760805169143
6.445611387432176
12.360168494580106
7.509980828819243
10.310090676990647
12.337657457306957
9.730665517218846
6.654842264023712
14.891414897122305
8.202157133367121
14.65116865837176
6.49494439884218
9.117515154554365
14.301196496379516
11.881247876125217
13.562192314134501
11.419663422192176
12.332945010665979
11.233826252878353
13.186648384806707
10.120615610118953
8.808358190243244
8.756405942213632
7.1609883087360915
10.554930799362104
11.424536344172415
9.329320186615957
8.479372910446171
12.98817533064451
8.673445957906361
13.555581607625482
9.188799570466125
8.416484406121823
11.366434340901439
10.948969380817847
13.052416351228072
13.129310553906727
12.182067695019281
5.659598164840206
5.903568283622222
11.13275857495531
12.857174940668205
6.8721752791967585
7.429536662703671
7.160628361629733
12.584380853226152
14.403224997950051
11.592341699929644
12.84644864501825
10.754319768287349
6.988191085321188
5.039274394620189
12.928845330826835
14.13410521901117
7.235384794319781
13.133256057815414
7.008022049168175
9.266361137935142
11.740039940420626
11.621158508716459
7.390380292652279
8.404702488218923
14.245019335900878
14.326672002050483
8.202477779343154
14.058268430930552
10.970141442762376
9.04469335178637
9.521542893836946
7.769595781026032
12.078784600166417
12.410564669510057
10.368750645212574
14.420602187763581
10.13823134108037
8.061432336595988
7.532070836358962
9.132359092746373
10.471129603118047
5.470894421410804
8.928702944481518
9.059247999587061
10.793840537130286
8.894201821645483
9.785079056589085
11.896587997273032
8.81075482959688
9.833848260911886
11.122391352517875
5.206662408669795
9.210003951445762
7.149108306345102
9.582107684248607
9.730692800586814
9.069000026966501
14.643032457830897
8.918804223003017
6.247104958057721
9.876029615753275
5.017824052808099
12.975428171845307
5.892697790444102
10.096908652981085
10.045080025989556
8.693316885243862
7.427008632089633
13.826247186936882
7.023412553003105
14.717479515399315
11.813092645518596
12.674986199102246
9.005044441059233
9.203547820984843
14.73588185320202
8.440908209181927
13.000134257346497
8.144865366352635
14.927571435853972
5.038016194284593
13.300759830039567
9.753087391363794
10.657973284044322
14.445288049841215
5.645659456255539
10.005611332716466
14.80096302758343
9.595269635016773
12.497803858408602
13.127825291417011
11.52136783164055
6.300253022812212
7.301347752858053
9.468704143716616
10.615398904033746
8.091016843923265
11.085314594971269
12.427754495535412
12.369792350628178
8.250127044733613
9.73935091593778
6.652415176523755
10.284280643889764
10.820661302334344
12.046596241307883
7.509214234576847
7.120371834914623
7.175816168274846
12.813463241630892
8.440399461682876
11.52621584952481
6.67111995037005
13.666071169487049
5.372852145993023
11.01536491010497
10.35139043137336
12.781756859024393
13.749250446720874
10.160754555863619
5.277721419121594
12.658623201352706
13.769314363407961
12.486016989556159
9.491837137499829
8.793315628013039
12.915882828919107
8.135342961610249
14.211632461792016
8.381361730822405
5.147181482148981
11.048116345535282
14.607028601842782
5.769181286897789
11.257776587427974
11.691567691814772
5.2449875441423925
13.815486138028755
11.895351259490194
8.4899473710431
14.476896116714714
6.313401475585253
9.06397847323996
8.829928791291827
7.495027576624282
6.114214127919304
6.109543233484622
13.304235210908118
9.248998238953538
11.674602627097858
8.860393113415832
5.3466061961167695
9.82625321253887
13.161249666547915
8.813419417851243
14.69731590356806
11.327839659736187
14.256077385910952
10.988569624170365
6.922931980773868
12.255598830442162
5.084051174469443
7.603126209093759
13.798126684541263
14.08274476322574
12.457518023004413
14.577401523304003
10.246790098421606
7.551711774572935
10.44665245295019
6.579191658600255
7.455616054019879
5.926351478606068
7.332787710837552
13.073357216050033
13.120391915168334
14.408915901648918
10.539876469125726
7.598961305292038
8.704983416034565
6.520500014206251
10.450800300216184
5.79812414691937
9.881510795858393
11.371746994307657
11.230896042705496
14.148450946379805
14.610884253152555
10.342113440157192
12.077839429055757
14.420708052127281
7.805308457191164
5.074469289254999
9.947117288390729
12.029155515537362
9.547775145825124
9.955509537494521
11.076209707242624
8.886967520250034
10.137128626809375
12.669491015006065
8.895226922386847
5.165362014433138
13.845672396472313
13.152964719306441
10.30326435150698
7.011368997275487
12.481167949731239
8.75127678881544
8.138795755116078
14.767464708882157
13.906357977052398
9.546460574850174
9.030020815970401
10.833332836013494
5.541515367207213
14.491112938010751
9.250491848566877
11.463951831846169
12.768593816279903
8.060562467897064
8.621847960120919
8.186295583927995
13.158930960510736
5.930821524384757
12.1270707366212
5.276375282872449
14.909173415385322
5.835925587699245
12.736366255181848
11.549953741635507
6.034449254113768
6.625841423218107
13.889903335002554
8.07169958435069
6.443039407069146
11.181364625134911
12.440754224629032
10.59358160940957
11.658409864037703
7.21086503031321
14.969022831489108
14.382275414271236
14.085119205402279
6.4312467173387775
6.788621811660986
13.90218056800401
10.861061559707386
7.7416041992524
6.6927461531156665
9.180499012038466
7.439281176519555
14.778780587627631
7.184729716544096
11.159664129997841
8.867747594742205
7.365546917400762
8.730424170241571
10.376264045373727
6.640229480682772
11.049653689315992
12.657625487980805
14.422417016737747
11.472145613430948
14.816149736466697
6.449957497233561
13.715674064019085
10.387849881292139
12.777908650662326
12.31398848045522
11.705593540087538
12.325916430844027
5.02835270295783
8.057949318245669
13.563163329615644
9.772872656910245
5.787924388115263
12.546545186760499
11.89492405131761
8.981620032748726
9.155650092639695
14.856475909968415
12.093994835224791
11.164628807602911
6.648991429100088
9.350712452553648
9.37589872020312
12.895399481342096
9.728710127729029
7.146354703794058
9.33223680487336
5.651280863643591
7.057929196318817
6.82577661808074
14.901401530810604
8.151503390821844
12.48442189368505
12.681627349198939
6.115034241742553
14.407219607556206
14.083709934492694
11.469790582853037
14.826884971071197
12.971774921977113
12.867266419512854
12.744070569758886
11.681510340553675
5.575043350681282
7.097436794956269
9.485646573757927
5.3402682039941505
8.925026293042666
6.270754015044618
8.65434182465856
12.378422534907205
12.143151312382116
8.032905030946246
11.440315912991492
7.846225061669945
5.92265584074702
8.713169261540424
5.141161585025417
6.276278235113664
5.70534709043419
6.935301496143911
8.58197208748279
11.604759788585133
14.672991130441092
12.328291014395854
8.754524168755786
8.663419223052278
8.488145596617859
9.987761005075022
14.514419502777214
9.946849646137867
11.703236495253725
9.630943197744122
8.424663986739056
5.0307027582436135
9.247516443281764
11.056855420383027
12.922191747055036
8.938760157145554
13.505427557805838
9.960987366281584
5.52990351698442
9.116958684531498
12.982485969734313
8.219911921112281
14.041052283454187
7.3123419682038
7.0041980079913415
6.963914490618292
14.609496260546736
13.172653901717121
6.354442916496685
6.822763611088354
11.046312785147352
13.45342002956382
7.241998622482808
8.39078470726952
10.522348540050476
5.192720513403794
10.950742008960923
8.629602780760424
6.254789625999685
7.702544489274999
13.558219264151184
10.539127308439266
10.918558677948553
8.540700834004763
7.4534645488622076
12.984261734409438
14.382015464776924
10.607596811834142
8.897606110360083
10.718818153074576
9.739824272916662
11.875194583770886
12.102762798329413
13.125339109917775
12.08215748212491
6.071921881710215
11.834167123553417
6.714084988494913
12.017323072067459
14.264528192990207
10.112885473837572
12.959025797365673
13.539193624242044
14.749276539220888
10.826494440584167
5.7881821855609585
11.79040511321117
7.328693393920165
14.2042373056065
12.013854408379466
11.302890546241606
7.031263465306064
12.868429111708304
9.126213696649447
11.529724102284444
13.036089156954416
9.03565031882999
6.662015199268029
8.257490613601513
7.803742478684699
13.500073116143005
9.438559618846593
5.645354943392773
8.877706945506862
9.058213460955503
14.053549197853998
8.502264235792389
6.168765582460814
8.90296048879456
9.545974506386841
7.938889190284352
6.5523773386209605
11.509983635533208
13.530634986883246
12.074579386011608
10.68204801701307
12.04578864802802
6.825304774961452
8.84790493205751
11.856989977237266
5.487549403886097
14.038798866065163
9.291279504558585
7.242740311409812
8.38445934301865
7.654464176060689
8.907923690676137
14.549244551793974
13.734331883785131
9.74819857686843
11.880247133015606
10.400899218858203
10.703772175043104
11.722649741447881
9.061748231145412
6.1442817665098906
6.671827962147131
9.444785679970504
11.662662228646154
7.589302532873361
7.15529495084476
10.426207026777423
5.509323442096719
6.056644909881487
5.972587892931091
5.383100960316293
8.383529623797276
9.845922594572153
7.918464922848803
13.682341146167834
7.399419696623748
10.092549378050323
9.74208093277207
13.508807720322661
10.948722612393158
10.707373988510222
14.284641967505436
10.054628634410555
10.54688988091474
5.94955743503671
11.516798892298905
11.951138503469114
9.17411958288606
9.314835418607123
5.942886782425335
7.936157225151617
14.553276758320763
8.384526824286443
7.242849468287614
10.692066467761082
9.950048689113393
13.952937408939368
9.256781137156672
12.81514470785474
8.190116409897138
6.237976402344749
14.730794761562532
6.661632910671548
7.057474170210101
8.827597406220985
14.1226483084159
8.268388904385596
5.91643234218448
9.812934582708975
5.28772755941219
9.65816649333655
8.870947945183355
9.541524671644957
11.547079484760113
6.450766536598619
14.757846731089787
10.379480237047632
14.615352824472513
5.319911358399233
5.02620017896595
7.014338493415428
7.860649782363074
9.750525152416312
6.10917015959183
8.102509601506611
10.860947177291745
14.82182820124301
7.744849362969902
8.65180086365399
13.507017523381487
14.37348581856689
7.328795286322457
13.774881284207162
12.77116414646758
9.714989871786255
7.819198813695383
8.428053661894076
11.504406291034055
6.733775648870071
11.968503810451427
10.28023213607715
5.344504618354645
10.16759704404568
10.347769028998083
5.721530761726434
9.814933649156968
12.112824020139007
8.707524070882611
9.875156138695093
6.938951394762389
6.909277043318082
9.14511943140094
14.397512281243806
5.5901845402674075
9.689355538074112
13.661968818647619
10.189829442749415
11.861791264334917
14.681258874350707
12.90987959564565
5.854421294779576
10.667711407496094
11.105085808268178
11.165555204576542
7.588375397124626
13.95804509733003
10.359531612230903
13.406601990444724
7.611655655409761
14.993002266087059
5.691029004584554
7.441699080535485
14.559952029373509
13.045276411864355
6.087497086694939
9.334252348710036
7.185212025699331
10.422277935639581
11.700372708404144
9.598861822258662
6.195971351727904
14.029058264326265
6.309972945088938
8.89013070759207
5.044237284083265
11.982316790735137
14.545434186528793
12.603880224800877
7.181732315718579
11.393413358691982
8.598969819258132
6.7576822000814465
11.379397261778935
5.039699607279705
13.929445469784799
8.01773494350241
10.905598861234104
14.990322268532603
12.606118661417295
8.599400411785417
9.516777732373795
8.769157145743
9.652106767102243
13.887405617502921
6.510347361976136
12.304998916753037
14.497809412402832
9.167676633205813
11.612582510775614
6.461742799245856
12.388613096224038
13.911600445223806
14.444486219541243
13.17963605835647
11.191604333543316
13.994264682727604
7.534220212809797
13.48232151663163
12.703449772593851
6.311101467557197
14.98874194525286
12.337319367716997
6.554240106777331
9.340890801634787
14.378090318021473
7.8315428517417525
8.97657152411027
6.5096648052665556
6.478543193041064
14.366037110289925
9.780024369552283
10.219163904197284
13.662818329437886
7.168443609195675
8.470008565612973
10.528340495675238
13.314303170200747
12.23392259345544
12.7806779523252
14.075350641253143
9.085985241425139
10.848174300340762
5.410816069225991
12.281927496369146
8.771915608755291
5.4767139735579775
9.30985423032333
11.776961937455445
12.290898072889698
5.478853641220163
14.364029273174083
14.978394700309803
11.021503626897074
7.463026281880266
13.127127461673231
14.32578684606219
8.3838520138376
14.731426646394443
9.184751077777799
6.005459622240487
8.570954841410089
5.81650169976345
12.273648213245748
9.845436312982429
10.068390406901596
11.441213239291084
6.090937670192176
14.023452433876365
6.815461519899368
7.528921761566479
14.77883117677149
11.404745135980281
13.420291305112197
13.766258682780741
8.603921065925528
6.238337478376938
6.016456746221946
11.145305548170523
11.361441044153105
11.657693305323107
8.112441397145991
6.622795602592705
13.46172491644118
10.302550203746085
6.976388210060528
5.236463979345372
12.08712808952966
7.482828654639284
14.323935798184651
11.513712585682365
14.090580861824245
11.470962124265107
11.925641162347583
14.94381711483938
6.576282615899588
12.10388232086711
10.817000269245714
7.1082901390890525
12.36410685712225
7.544710703865049
11.517544295912325
6.48657387354418
6.74232858513875
10.11225611088016
6.796088664266418
11.243712662405729
6.593875694931671
8.823491185189155
13.355740721223945
10.797482399691924
11.25110054300804
7.469617799116344
9.439003261987487
9.50771098472693
8.12245058004948
13.065839738445913
7.478138229739481
11.989248256442753
13.460053218965534
10.793915888040399
5.850953485045657
5.740023810587343
9.412667329752017
6.00936274341039
10.796573500497477
9.348861686154553
6.186963055888818
9.817277216745849
6.726401908683277
14.817589569149293
11.497009837738812
8.871129092028047
5.709791718878928
14.60669113774082
13.2318619914992
8.681625917934468
7.3123620718801625
8.425642310742186
10.823022388049875
13.161718855551069
9.638827833203603
14.744912927308972
7.45297977072709
8.12432950601047
12.324859092856961
6.592618043684601
13.132419297505987
13.565969949153052
5.762910033453199
5.979396337617117
14.377934326419695
13.742217846753862
10.606942554545146
8.742897453601806
14.359062553993123
13.360668121286137
10.428773074005356
5.530753601841901
8.39700548679587
13.52288624791329
13.275259176217501
11.729479172806514
12.113805095592706
12.578477746747277
7.837469565629053
10.328115819171522
9.294037381884767
14.61791713979575
5.068423540918673
12.46064979795654
14.304669431342289
8.04576873308871
11.374756317102943
8.418923536798818
10.320816909238454
9.080293050282084
13.632836083423333
10.955270314226158
9.922169541937484
10.90757611561854
7.884602076396925
10.689700056614827
14.020199867459748
5.445710246581739
12.156552529981491
5.840702026133151
9.017274479626643
8.87535589152258
7.27959437531792
12.43090105777624
9.323220678634982
9.694191270938854
12.236216927889611
11.86247446530791
11.76854714270088
5.479135019192659
11.008748026582278
